2,-27.0,-0.06540749,100,1,0,6.045609,-8.158813,1,12
Coin:-6.7310634:0.9792743
Coin:17.660398:7.9896693
Coin:-7.974534:0.97621804
Coin:-10.363234:0.97635067
Coin:-5.578787:0.9780471
Coin:-16.347237:7.9774127
Heart:6.460321:-2.0012383
Heart:-7.2784247:1.7288914
Heart:16.758234:-17.00109
Heart:16.310932:7.871409
Troll:6.045609:-8.158813
Person:-27.0:-0.06540749
Platform:4.0:-2.9999998:3.0:0.5
Platform:-8.0:0.0:3.0:0.5
Platform:20.0:-5.0:3.0:0.5
Platform:-20.0:-7.0:3.0:0.5
Platform:-12.0:-10.0:3.0:0.5
Platform:9.0:-10.0:3.0:0.5
Platform:18.0:7.0:3.0:0.5
Platform:-18.0:7.0:3.0:0.5
Platform:27.5:-2.0:3.0:0.5
Platform:-27.5:-2.0:3.0:0.5
Portal:-26.999998:-15.000001
StaticBody:0.0:-18.499996
